Unique values in elasticity tensor in units of Pascals (Pa).
[-41.97702747  -8.65175375  -8.65175375  -0.           0.
 161.4994034  172.0737691  200.43229529 203.95708385 214.05079657
 234.71887498 292.07679801 301.52964007 477.60885072 766.16086016]
Unique values in elasticity tensor in units of eV/ų.
[-0.262 -0.054 -0.054 -0.     0.     1.008  1.074  1.251  1.273  1.336
  1.465  1.823  1.882  2.981  4.782]
Elasticity tensor in full. The above values show the unique values in the tensor.
[[[ 2.98130365e+00  1.27294108e+00  1.00837304e+00]
  [ 1.27294108e+00  1.07395699e+00 -2.62304661e-01]
  [ 1.00837304e+00 -2.62304661e-01  4.78189540e+00]]

 [[ 1.27294108e+00 -3.90446250e-08 -5.43796502e-02]
  [-3.90446250e-08  1.82252216e+00  1.46459882e+00]
  [-5.43796502e-02  1.46459882e+00  1.25111477e+00]]

 [[ 1.00837304e+00 -5.43796502e-02  1.72165657e-08]
  [-5.43796502e-02  1.33602250e+00 -5.43794529e-02]
  [ 1.72165657e-08 -5.43794529e-02  1.88207120e+00]]]
Stress tensor for all deformations in full. Shape is Nx3x3 where N is the number of deformations used to compute the elasticity tensor.
[[[ 1.90887084e-02 -6.81717291e-10  3.44254847e-10]
  [-6.81717291e-10  1.38501218e-02  8.05161789e-09]
  [ 3.44254847e-10  8.05161789e-09  1.38499331e-02]]

 [[-7.07984389e-03  1.10233747e-10  3.90560211e-02]
  [ 1.10233747e-10 -4.10707745e-03  8.19729469e-09]
  [ 3.90560211e-02  8.19729469e-09 -1.17749172e-02]]

 [[-4.43414262e-04 -7.13209899e-10  3.55315417e-10]
  [-7.13209899e-10 -7.65032412e-04  1.30511059e-02]
  [ 3.55315417e-10  1.30511059e-02 -1.28739282e-03]]

 [[-4.10739273e-03 -6.91375125e-10  3.36097369e-10]
  [-6.91375125e-10 -7.07952332e-03  3.90559231e-02]
  [ 3.36097369e-10  3.90559231e-02 -1.17749092e-02]]

 [[ 5.01392157e-02 -5.99492482e-10  3.02732986e-10]
  [-5.99492482e-10  3.54842746e-02  7.69832332e-09]
  [ 3.02732986e-10  7.69832332e-09  3.54841267e-02]]

 [[ 1.38498078e-02 -6.81717678e-10  3.58579916e-10]
  [-6.81717678e-10  1.90890182e-02  7.72996113e-09]
  [ 3.58579916e-10  7.72996113e-09  1.38499022e-02]]

 [[ 3.54839668e-02 -5.99493337e-10  3.42845730e-10]
  [-5.99493337e-10  5.01394936e-02  6.79762274e-09]
  [ 3.42845730e-10  6.79762274e-09  3.54840408e-02]]

 [[ 1.38498284e-02 -7.10084901e-10  3.44254808e-10]
  [-7.10084901e-10  1.38501115e-02  7.72995832e-09]
  [ 3.44254808e-10  7.72995832e-09  1.90888117e-02]]

 [[ 3.54840240e-02 -6.78927349e-10  3.02733030e-10]
  [-6.78927349e-10  3.54842460e-02  6.79761639e-09]
  [ 3.02733030e-10  6.79761639e-09  5.01393083e-02]]

 [[-7.65349038e-04  1.30511127e-02  6.58609383e-10]
  [ 1.30511127e-02 -1.28718036e-03  8.23592226e-09]
  [ 6.58609383e-10  8.23592226e-09 -4.43308427e-04]]

 [[-7.07984401e-03  3.90559625e-02  1.20697224e-09]
  [ 3.90559625e-02 -1.17746941e-02  8.24292836e-09]
  [ 1.20697224e-09  8.24292836e-09 -4.10728718e-03]]

 [[-7.65348932e-04 -4.34321834e-10  1.30511325e-02]
  [-4.34321834e-10 -4.43097284e-04  8.21903610e-09]
  [ 1.30511325e-02  8.21903610e-09 -1.28739278e-03]]]
(12, 3, 3)
Strain tensor for all deformations in full. Shape is Nx3x3 where N is the number of deformations used to compute the elasticity tensor.
[[[0.01 0.   0.  ]
  [0.   0.   0.  ]
  [0.   0.   0.  ]]

 [[0.03 0.   0.  ]
  [0.   0.   0.  ]
  [0.   0.   0.  ]]

 [[0.   0.   0.  ]
  [0.   0.01 0.  ]
  [0.   0.   0.  ]]

 [[0.   0.   0.  ]
  [0.   0.03 0.  ]
  [0.   0.   0.  ]]

 [[0.   0.   0.  ]
  [0.   0.   0.  ]
  [0.   0.   0.01]]

 [[0.   0.   0.  ]
  [0.   0.   0.  ]
  [0.   0.   0.03]]

 [[0.   0.01 0.  ]
  [0.01 0.   0.  ]
  [0.   0.   0.  ]]

 [[0.   0.03 0.  ]
  [0.03 0.   0.  ]
  [0.   0.   0.  ]]

 [[0.   0.   0.01]
  [0.   0.   0.  ]
  [0.01 0.   0.  ]]

 [[0.   0.   0.03]
  [0.   0.   0.  ]
  [0.03 0.   0.  ]]

 [[0.   0.   0.  ]
  [0.   0.   0.01]
  [0.   0.01 0.  ]]

 [[0.   0.   0.  ]
  [0.   0.   0.03]
  [0.   0.03 0.  ]]]
(12, 3, 3)
