[-60.8827116  -53.51269914 -44.70072773 -32.84462073 -29.96070281
 -16.02176621   0.           0.           0.           1.60217662
   2.08282961  12.33675998  37.17049761  96.29081492 131.21826526
 135.06348915 135.06348915 314.18683538 334.69469613 359.84886908
 462.70860814]
[-0.38  -0.334 -0.279 -0.205 -0.187 -0.1    0.     0.     0.     0.01
  0.013  0.077  0.232  0.601  0.819  0.843  0.843  1.961  2.089  2.246
  2.888]
Elasticity tensor in full. The above values show the unique values in the tensor.
[[[[ 2.08922521e+00  9.67854858e-03 -3.80482298e-01]
   [ 9.67854858e-03  6.00892057e-01  1.28186882e-02]
   [-3.80482298e-01  1.28186882e-02  2.88758551e+00]]

  [[ 9.67854858e-03  1.16170663e-06  8.43087959e-01]
   [ 1.16170663e-06 -1.86969080e-01 -2.04878041e-01]
   [ 8.43087959e-01 -2.04878041e-01  2.31807503e-01]]

  [[-3.80482298e-01  8.43087959e-01  2.21948414e-06]
   [ 8.43087959e-01 -2.78820796e-01  8.43088492e-01]
   [ 2.21948414e-06  8.43088492e-01 -3.33815234e-01]]]


 [[[ 9.67854858e-03  1.16170663e-06  8.43087959e-01]
   [ 1.16170663e-06 -1.86969080e-01 -2.04878041e-01]
   [ 8.43087959e-01 -2.04878041e-01  2.31807503e-01]]

  [[ 6.00892057e-01 -1.86969080e-01 -2.78820796e-01]
   [-1.86969080e-01  7.67701275e-02  1.96066078e+00]
   [-2.78820796e-01  1.96066078e+00  8.18926680e-01]]

  [[ 1.28186882e-02 -2.04878041e-01  8.43088492e-01]
   [-2.04878041e-01  1.96066078e+00  2.03748311e-06]
   [ 8.43088492e-01  2.03748311e-06 -1.00483718e-01]]]


 [[[-3.80482298e-01  8.43087959e-01  2.21948414e-06]
   [ 8.43087959e-01 -2.78820796e-01  8.43088492e-01]
   [ 2.21948414e-06  8.43088492e-01 -3.33815234e-01]]

  [[ 1.28186882e-02 -2.04878041e-01  8.43088492e-01]
   [-2.04878041e-01  1.96066078e+00  2.03748311e-06]
   [ 8.43088492e-01  2.03748311e-06 -1.00483718e-01]]

  [[ 2.88758551e+00  2.31807503e-01 -3.33815234e-01]
   [ 2.31807503e-01  8.18926680e-01 -1.00483718e-01]
   [-3.33815234e-01 -1.00483718e-01  2.24587556e+00]]]]
Stress tensor for all deformations in full. Shape is Nx3x3 where N is the number of deformations used to compute the elasticity tensor.
[[[ 1.25881535e-02  2.73873630e-08  4.26201625e-08]
  [ 2.73873630e-08  5.92438241e-03  4.84396886e-08]
  [ 4.26201625e-08  4.84396886e-08  5.92438474e-03]]

 [[ 3.30013822e-04  3.16578836e-08  1.57348105e-02]
  [ 3.16578836e-08  7.26895343e-04  4.88914596e-08]
  [ 1.57348105e-02  4.88914596e-08 -9.29714632e-04]]

 [[ 1.51891882e-03  3.36341571e-08  4.51790813e-08]
  [ 3.36341571e-08  5.13432975e-04  2.52926382e-02]
  [ 4.51790813e-08  2.52926382e-02 -2.73067311e-03]]

 [[ 7.26833080e-04  3.12691812e-08  4.41939039e-08]
  [ 3.12691812e-08  3.30076313e-04  1.57348108e-02]
  [ 4.41939039e-08  1.57348108e-02 -9.29714419e-04]]

 [[ 2.95257783e-02  2.72299000e-08  4.23751184e-08]
  [ 2.72299000e-08  1.44231525e-02  4.99937606e-08]
  [ 4.23751184e-08  4.99937606e-08  1.44231548e-02]]

 [[ 5.92432060e-03  2.73873627e-08  4.36704652e-08]
  [ 2.73873627e-08  1.25882099e-02  4.72746826e-08]
  [ 4.36704652e-08  4.72746826e-08  5.92438411e-03]]

 [[ 1.44230910e-02  2.72298989e-08  4.50715281e-08]
  [ 2.72298989e-08  2.95258259e-02  4.70028767e-08]
  [ 4.50715281e-08  4.70028767e-08  1.44231528e-02]]

 [[ 5.92432057e-03  2.80622787e-08  4.26201620e-08]
  [ 2.80622787e-08  5.92438176e-03  4.72746826e-08]
  [ 4.26201620e-08  4.72746826e-08  1.25882120e-02]]

 [[ 1.44230909e-02  2.89625903e-08  4.23751166e-08]
  [ 2.89625903e-08  1.44231505e-02  4.70028766e-08]
  [ 4.23751166e-08  4.70028766e-08  2.95258277e-02]]

 [[ 5.13368617e-04  2.52926251e-02  4.98450420e-08]
  [ 2.52926251e-02 -2.73067602e-03  5.09164398e-08]
  [ 4.98450420e-08  5.09164398e-08  1.51898094e-03]]

 [[ 3.30012772e-04  1.57347952e-02  4.70701038e-08]
  [ 1.57347952e-02 -9.29716824e-04  4.95475954e-08]
  [ 4.70701038e-08  4.95475954e-08  7.26895863e-04]]

 [[ 5.13370342e-04  3.42440774e-08  2.52926406e-02]
  [ 3.42440774e-08  1.51898153e-03  4.99167761e-08]
  [ 2.52926406e-02  4.99167761e-08 -2.73067392e-03]]]
(12, 3, 3)
Strain tensor for all deformations in full. Shape is Nx3x3 where N is the number of deformations used to compute the elasticity tensor.
[[[0.01  0.    0.   ]
  [0.    0.    0.   ]
  [0.    0.    0.   ]]

 [[0.025 0.    0.   ]
  [0.    0.    0.   ]
  [0.    0.    0.   ]]

 [[0.    0.    0.   ]
  [0.    0.01  0.   ]
  [0.    0.    0.   ]]

 [[0.    0.    0.   ]
  [0.    0.025 0.   ]
  [0.    0.    0.   ]]

 [[0.    0.    0.   ]
  [0.    0.    0.   ]
  [0.    0.    0.01 ]]

 [[0.    0.    0.   ]
  [0.    0.    0.   ]
  [0.    0.    0.025]]

 [[0.    0.032 0.   ]
  [0.032 0.    0.   ]
  [0.    0.    0.   ]]

 [[0.    0.02  0.   ]
  [0.02  0.    0.   ]
  [0.    0.    0.   ]]

 [[0.    0.    0.032]
  [0.    0.    0.   ]
  [0.032 0.    0.   ]]

 [[0.    0.    0.02 ]
  [0.    0.    0.   ]
  [0.02  0.    0.   ]]

 [[0.    0.    0.   ]
  [0.    0.    0.032]
  [0.    0.032 0.   ]]

 [[0.    0.    0.   ]
  [0.    0.    0.02 ]
  [0.    0.02  0.   ]]]
(12, 3, 3)
